10002
10009
100101467
100125288
100128927
100129654
100129842
100130086
100131017
100131390
100131539
100131980
100132396
100271849
100287226
100288687
100289635
100289678
100293516
100381270
100506164
100526761
100529215
10062
101060200
10127
10168
10172
10194
10215
10224
10265
10308
10320
10365
10379
1044
1045
1046
10472
10481
10488
1050
1051
1052
10520
10522
1053
10538
1054
10608
10655
10660
10661
10664
10691
10716
10725
10732
10736
10773
10780
10781
10782
10793
10794
10795
109504726
11016
11023
11063
11107
11108
1112
11166
11244
11262
11278
11279
11281
112939
11317
113835
114026
114991
115509
115560
116039
116071
116113
116115
116448
117154
117581
117608
118472
120237
121274
121340
121549
121599
121643
122953
124535
124961
125893
125919
126070
126208
126231
126295
126375
127343
127396
127665
128209
128408
128553
129025
130497
1316
132625
134187
135935
136051
136259
137209
137814
138151
1385
1386
1388
1389
1390
139324
139628
139735
140467
1406
140612
140628
140685
140690
140883
144348
144455
145258
145873
146050
146198
146434
146540
146542
147657
147686
147687
147694
147741
147807
147808
147837
147912
147923
147929
147948
148156
148198
1482
148213
148254
148266
148327
148979
149076
150921
1523
152518
152687
153222
153572
155054
155061
157848
158399
158431
158800
159119
159296
1602
162239
162655
1628
162966
162967
162968
162972
162979
163033
163049
163050
163051
163059
163071
163081
163087
163131
163223
163227
163255
1649
165
166793
167826
168374
168417
168544
168620
168850
169270
169792
169834
169841
170302
170825
170959
170960
171017
171392
1745
1746
1747
1748
1749
1750
1761
1869
1870
1871
1874
1875
1876
1877
1879
1958
195828
1959
196
1960
1961
196446
197320
197407
199692
1997
199704
199777
1998
1999
2000
200014
2001
2002
200350
2004
2005
201501
201514
201516
2016
2018
2019
2020
2023
2034
203523
205717
2063
2077
2078
2099
2100
2101
2103
2104
2113
2114
2115
2116
2117
2118
2119
2120
2122
2128
219409
219749
220202
220929
220992
221504
221527
221785
221833
221937
222546
222696
222894
22797
22806
22807
22809
22834
22835
22850
22869
22877
22882
22887
22890
2290
22926
2294
2295
2296
2297
2298
2299
2300
2301
2302
2303
23036
2304
23040
2305
23051
2306
2307
2308
2309
23090
23099
23119
2313
23152
23269
23300
23314
23316
23361
23394
23440
23462
23493
23528
2353
2354
2355
23598
23619
23660
23764
2494
2516
252884
253461
253639
253738
2551
255403
255877
256297
257
257101
25799
25803
25806
25833
25850
25888
25925
25988
26048
26137
26149
26152
26205
2623
2624
2625
26257
2626
2627
26298
2636
2637
26468
2649
26508
26581
26584
266743
2672
26959
26974
27022
27023
27033
27086
27107
27153
27164
27287
27300
27319
2735
2736
2737
2738
282890
283078
283150
283337
283571
284307
284309
284312
284323
284346
284349
284355
284371
284390
284406
284443
284459
285267
285349
285676
285989
286075
286128
286380
28999
2908
2928
2969
29841
29842
29942
30009
30012
30062
30812
30813
30818
30832
3087
3090
3091
3096
3097
3104
3110
3131
3142
3164
3166
3167
3169
3170
3171
3172
3174
3175
3195
3196
3198
3199
3200
3201
3202
3203
3204
3205
3206
3207
3209
3211
3212
3213
3214
3215
3216
3217
3218
3219
3221
3222
3223
3224
3225
3226
3227
3228
3229
3231
3232
3233
3234
3235
3236
3237
3238
3239
3280
3297
3298
3299
333929
3344
338917
339318
339324
339327
339344
3394
339488
339559
340260
340784
342132
342357
342900
342908
342909
342926
342933
342945
3431
343472
343930
344018
344022
344167
344191
344787
345462
346157
346171
347344
347853
348327
349334
3516
353088
353274
353355
360023
360030
3607
3642
3651
3659
3660
3661
3662
3663
3664
3665
367
3670
3725
3726
3727
374655
374879
374899
374900
387032
387640
388523
388536
388558
388561
388566
388567
388585
389058
389114
389524
389549
389692
390010
390259
390874
390927
390980
390992
391723
3975
399823
400713
400720
4009
401
4010
402381
403341
404281
405
406
4066
4084
4086
4087
4088
4089
4090
4093
4094
4097
4149
4150
4205
4207
4208
4209
4211
4212
4222
4223
4286
429
430
4303
4306
431707
4335
440077
440097
440515
440695
441234
442319
442425
4487
4488
4520
4601
4602
4603
4605
4609
4610
4613
4617
4618
463
4654
4656
466
4661
467
468
474
4760
4761
4762
4772
4773
4774
4775
4776
4778
4779
4780
4781
4782
4783
4784
4790
4791
4799
4800
4801
4802
4807
4808
4821
4824
4825
4861
4862
4899
4901
4929
49854
4990
5013
5015
5017
503582
503834
503835
50674
5075
5076
5077
5079
5080
50805
5081
5083
5087
5089
5090
50943
50945
51043
51058
51085
51157
51176
51193
51222
51274
51276
51341
51351
51385
51427
51450
51513
51545
51621
51710
5178
51804
5241
5307
5308
5309
5316
5324
5325
5326
53335
5359
5396
54345
5449
5451
5452
5453
5454
5455
5456
5457
5458
5459
5460
5462
54626
5463
5465
5467
5468
54738
54753
54796
54811
54816
54862
54897
54925
54937
54989
54993
55079
55145
55205
55311
55422
55502
55509
55553
55565
55609
55657
55659
55663
55713
55762
55769
55786
55810
55888
55892
55893
55897
55900
55922
56033
56242
5626
5629
56676
56731
56751
56917
56938
56956
56987
57057
571
57116
57158
57167
57209
57215
57232
57335
57336
57343
57473
57474
57491
57541
57547
57567
57573
57592
57593
57594
57615
57616
57621
57623
57659
57677
57684
57693
57711
57786
57801
57822
579
5813
5814
58158
58486
58487
58491
58492
58495
58500
58524
58525
5914
5915
5916
59269
59335
59348
5966
5970
5971
5978
5989
5990
5991
5992
5993
6018
604
60436
60468
60529
6095
6097
619279
6239
6256
6257
6258
6297
6299
6304
63876
639
63934
63946
63948
63950
63951
63973
63974
63976
63977
63978
64067
641339
64211
642658
64288
64321
64344
643641
64375
64376
643836
64412
644168
644524
645832
646
64641
64651
6473
6474
64763
64764
64843
64864
64919
6492
6493
6495
6496
6497
6498
65243
65251
652991
653121
653404
653427
654254
6591
65982
65986
6615
6656
6657
6658
6659
6660
6662
6663
6664
6665
6666
6667
6668
6670
6671
6672
668
6688
6689
6720
6721
6722
6736
6772
6773
6774
6775
6776
6777
6778
6862
687
688
6886
6887
6899
6909
6910
6911
6913
6925
6926
6927
6928
6929
6932
6934
6935
6938
6939
6940
6943
6945
7003
7004
7005
7008
7020
7021
7022
7023
7024
7025
7026
7027
7029
7030
7050
7067
7068
7071
7080
7101
7157
7161
7181
7182
7227
727857
727940
728116
728957
7291
729747
730087
730291
731220
7342
7376
7391
7392
7421
745
7490
7494
7528
7539
7541
7543
7544
7545
7546
7547
7549
7551
7552
7553
7554
7556
7559
7561
7562
7564
7565
7566
7567
7568
7569
7570
7571
7572
7574
7576
7579
7580
7581
7582
7584
7586
7587
7589
7592
7593
7594
7596
7597
7620
7621
7625
7626
7627
7629
7633
7634
7637
7638
7639
7643
7644
7652
7673
7675
7678
7690
7691
7692
7693
7694
7695
7697
7699
7700
7701
7702
7704
7705
7707
7709
7710
7711
7712
7716
7718
7727
7728
7730
7733
7738
7741
7743
7745
7746
7748
7753
7755
7757
7760
7761
7762
7764
7766
7767
7768
7769
7770
7771
7772
7773
7775
7776
7799
7849
79027
79088
79175
79190
79191
79192
79230
79365
79413
7942
79673
79692
79724
79733
79744
7975
79755
79759
79776
79788
79797
79800
79818
7988
79891
79894
79898
79923
79973
79977
80032
80034
80095
80108
80110
8013
8022
80264
80317
80320
80345
8061
80712
80714
80778
80818
8092
81566
81856
8187
81931
8320
8328
83439
83463
83482
83595
83741
83744
83855
83881
8403
84107
84124
84146
84163
8427
84307
84327
84330
84436
84449
84450
84503
84504
84527
84528
84547
8456
84614
84619
8462
84622
8463
84654
84662
84667
84684
84699
84765
84775
84838
84839
84878
84891
84905
84911
84913
84914
84924
8521
8538
85416
85446
85460
85474
85508
8553
860
8609
861
8626
864
86614
8820
8856
8928
8929
89884
89887
90316
90317
90321
90333
90338
90485
90589
90592
90594
90649
90655
90827
9095
9096
90987
90993
91392
91464
9189
91975
9208
92283
9242
9247
92595
9278
92999
9310
93134
9314
93349
93474
9355
93986
94039
9421
9422
94234
9464
9480
9496
9534
9569
9572
9575
9580
9586
9603
9640
9658
9668
9705
9726
9745
9831
9839
9841
9849
988
9880
9889
9915
9923
9925
9935
9970
9971
9975
9988
